1001328,0,0.50
1001384,1,-0.50
1001440,2,1.00
1001496,3,-0.50
1001548,4,-0.50
1001608,5,-0.50
1001664,6,-1.00
1001720,7,2.00
1001776,8,-1.00
1001828,9,0.50
1041892,0,1.00
1041956,1,-1.00
1042012,2,2.00
1042076,3,-1.00
1042148,4,-1.00
1042216,5,-1.00
1042280,6,-2.00
1042344,7,4.00
1042412,8,-2.00
1042472,9,1.00
1082540,0,1.50
1082608,1,-1.50
1082676,2,3.00
1082740,3,-1.50
1082800,4,-1.50
1082864,5,-1.50
1082920,6,-3.00
1082984,7,6.00
1083052,8,-3.00
1083112,9,1.50
1123180,0,2.00
1123248,1,-2.00
1123316,2,4.00
1123380,3,-2.00
1123436,4,-2.00
1123500,5,-2.00
1123560,6,-4.00
1123632,7,8.00
1123696,8,-4.00
1123752,9,2.00
1163820,0,2.50
1163884,1,-2.50
1163948,2,5.00
1164016,3,-2.50
1164080,4,-2.50
1164144,5,-2.50
1164212,6,-5.00
1164276,7,10.00
1164344,8,-5.00
1164404,9,2.50
1204472,0,3.00
1204540,1,-3.00
1204596,2,6.00
1204660,3,-3.00
1204716,4,-3.00
1204780,5,-3.00
1204844,6,-6.00
1204908,7,12.00
1204976,8,-6.00
1205032,9,3.00
1245096,0,3.50
1245160,1,-3.50
1245224,2,7.00
1245288,3,-3.50
1245352,4,-3.50
1245424,5,-3.50
1245480,6,-7.00
1245544,7,14.00
1245608,8,-7.00
1245664,9,3.50
1285736,0,4.00
1285800,1,-4.00
1285856,2,8.00
1285920,3,-4.00
1285980,4,-4.00
1286044,5,-4.00
1286108,6,-8.00
1286176,7,16.00
1286240,8,-8.00
1286300,9,4.00
1326368,0,4.50
1326436,1,-4.50
1326504,2,9.00
1326568,3,-4.50
1326640,4,-4.50
1326704,5,-4.50
1326760,6,-9.00
1326824,7,18.00
1326888,8,-9.00
1326948,9,4.50
1367020,0,5.00
1367088,1,-5.00
1367156,2,10.00
1367216,3,-5.00
1367280,4,-5.00
1367336,5,-5.00
1367404,6,-10.00
1367472,7,20.00
1367540,8,-10.00
1367600,9,5.00
1407668,0,5.50
1407732,1,-5.50
1407796,2,11.00
1407860,3,-5.50
1407924,4,-5.50
1407992,5,-5.50
1408060,6,-11.00
1408120,7,22.00
1408184,8,-11.00
1408240,9,5.50
1448308,0,6.00
1448372,1,-6.00
1448436,2,12.00
1448492,3,-6.00
1448556,4,-6.00
1448612,5,-6.00
1448676,6,-12.00
1448744,7,24.00
1448812,8,-12.00
1448868,9,6.00
1488940,0,6.50
1489004,1,-6.50
1489068,2,13.00
1489132,3,-6.50
1489200,4,-6.50
1489264,5,-6.50
1489328,6,-13.00
1489396,7,26.00
1489464,8,-13.00
1489524,9,6.50
1529592,0,7.00
1529656,1,-7.00
1529720,2,14.00
1529776,3,-7.00
1529840,4,-7.00
1529900,5,-7.00
1529972,6,-14.00
1530036,7,28.00
1530104,8,-14.00
1530164,9,7.00
1570232,0,7.50
1570296,1,-7.50
1570368,2,15.00
1570432,3,-7.50
1570496,4,-7.50
1570564,5,-7.50
1570620,6,-15.00
1570692,7,30.00
1570756,8,-15.00
1570812,9,7.50
1610884,0,8.00
1610952,1,-8.00
1611016,2,16.00
1611084,3,-8.00
1611152,4,-8.00
1611216,5,-8.00
1611284,6,-16.00
1611348,7,32.00
1611412,8,-16.00
1611468,9,8.00
1651532,0,8.50
1651596,1,-8.50
1651660,2,17.00
1651724,3,-8.50
1651788,4,-8.50
1651852,5,-8.50
1651920,6,-17.00
1651984,7,34.00
1652048,8,-17.00
1652108,9,8.50
1692172,0,9.00
1692240,1,-9.00
1692308,2,18.00
1692368,3,-9.00
1692440,4,-9.00
1692496,5,-9.00
1692560,6,-18.00
1692628,7,36.00
1692696,8,-18.00
1692756,9,9.00
1732832,0,9.50
1732900,1,-9.50
1732964,2,19.00
1733028,3,-9.50
1733096,4,-9.50
1733160,5,-9.50
1733228,6,-19.00
1733292,7,38.00
1733356,8,-19.00
1733416,9,9.50
1773488,0,10.00
1773556,1,-10.00
1773620,2,20.00
1773684,3,-10.00
1773752,4,-10.00
1773816,5,-10.00
1773884,6,-20.00
1773952,7,40.00
1774012,8,-20.00
1774068,9,10.00
1814136,0,10.50
1814204,1,-10.50
1814268,2,21.00
1814332,3,-10.50
1814396,4,-10.50
1814464,5,-10.50
1814528,6,-21.00
1814596,7,42.00
1814652,8,-21.00
1814712,9,10.50
1854780,0,11.00
1854848,1,-11.00
1854920,2,22.00
1854988,3,-11.00
1855052,4,-11.00
1855120,5,-11.00
1855184,6,-22.00
1855248,7,44.00
1855304,8,-22.00
1855364,9,11.00
1895440,0,11.50
1895504,1,-11.50
1895572,2,23.00
1895636,3,-11.50
1895704,4,-11.50
1895772,5,-11.50
1895844,6,-23.00
1895908,7,46.00
1895968,8,-23.00
1896024,9,11.50
1936088,0,12.00
1936152,1,-12.00
1936220,2,24.00
1936288,3,-12.00
1936352,4,-12.00
1936420,5,-12.00
1936484,6,-24.00
1936552,7,48.00
1936608,8,-24.00
1936668,9,12.00
1976736,0,12.50
1976804,1,-12.50
1976872,2,25.00
1976940,3,-12.50
1977004,4,-12.50
1977072,5,-12.50
1977140,6,-25.00
1977204,7,50.00
1977264,8,-25.00
1977320,9,12.50
2017392,0,13.00
2017460,1,-13.00
2017524,2,26.00
2017592,3,-13.00
2017656,4,-13.00
2017724,5,-13.00
2017792,6,-26.00
2017860,7,52.00
2017920,8,-26.00
2017980,9,13.00
2058048,0,13.50
2058116,1,-13.50
2058180,2,27.00
2058256,3,-13.50
2058324,4,-13.50
2058392,5,-13.50
2058460,6,-27.00
2058524,7,54.00
2058584,8,-27.00
2058640,9,13.50
2098708,0,14.00
2098780,1,-14.00
2098848,2,28.00
2098916,3,-14.00
2098980,4,-14.00
2099048,5,-14.00
2099116,6,-28.00
2099188,7,56.00
2099244,8,-28.00
2099304,9,14.00
2139372,0,14.50
2139440,1,-14.50
2139508,2,29.00
2139576,3,-14.50
2139644,4,-14.50
2139708,5,-14.50
2139772,6,-29.00
2139836,7,58.00
2139892,8,-29.00
2139956,9,14.50
2180028,0,15.00
2180096,1,-15.00
2180160,2,30.00
2180228,3,-15.00
2180296,4,-15.00
2180360,5,-15.00
2180428,6,-30.00
2180496,7,60.00
2180552,8,-30.00
2180612,9,15.00
2220688,0,15.50
2220756,1,-15.50
2220824,2,31.00
2220888,3,-15.50
2220956,4,-15.50
2221024,5,-15.50
2221088,6,-31.00
2221156,7,62.00
2221212,8,-31.00
2221272,9,15.50
2261344,0,16.00
2261412,1,-16.00
2261480,2,32.00
2261548,3,-16.00
2261620,4,-16.00
2261688,5,-16.00
2261756,6,-32.00
2261824,7,64.00
2261884,8,-32.00
2261944,9,16.00
2302016,0,16.50
2302084,1,-16.50
2302156,2,33.00
2302224,3,-16.50
2302288,4,-16.50
2302356,5,-16.50
2302416,6,-33.00
2302472,7,66.00
2302536,8,-33.00
2302596,9,16.50
2342668,0,17.00
2342736,1,-17.00
2342804,2,34.00
2342872,3,-17.00
2342940,4,-17.00
2343008,5,-17.00
2343080,6,-34.00
2343148,7,68.00
2343208,8,-34.00
2343268,9,17.00
2383336,0,17.50
2383404,1,-17.50
2383472,2,35.00
2383540,3,-17.50
2383608,4,-17.50
2383672,5,-17.50
2383732,6,-35.00
2383792,7,70.00
2383852,8,-35.00
2383912,9,17.50
2423980,0,18.00
2424048,1,-18.00
2424116,2,36.00
2424184,3,-18.00
2424252,4,-18.00
2424320,5,-18.00
2424388,6,-36.00
2424456,7,72.00
2424516,8,-36.00
2424576,9,18.00
2464648,0,18.50
2464716,1,-18.50
2464784,2,37.00
2464852,3,-18.50
2464920,4,-18.50
2464988,5,-18.50
2465056,6,-37.00
2465116,7,74.00
2465176,8,-37.00
2465236,9,18.50
2505308,0,19.00
2505376,1,-19.00
2505444,2,38.00
2505520,3,-19.00
2505588,4,-19.00
2505656,5,-19.00
2505724,6,-38.00
2505792,7,76.00
2505856,8,-38.00
2505916,9,19.00
2545988,0,19.50
2546064,1,-19.50
2546132,2,39.00
2546200,3,-19.50
2546268,4,-19.50
2546340,5,-19.50
2546400,6,-39.00
2546476,7,78.00
2546544,8,-39.00
2546604,9,19.50
2586672,0,20.00
2586740,1,-20.00
2586812,2,40.00
2586884,3,-20.00
2586952,4,-20.00
2587024,5,-20.00
2587092,6,-40.00
2587164,7,80.00
2587224,8,-40.00
2587288,9,20.00
2627336,0,20.00
2627368,1,-20.00
2627404,2,40.00
2627444,3,-20.00
2627476,4,-20.00
2627508,5,-20.00
2627572,6,-40.50
2627640,7,79.00
2627700,8,-38.50
2627728,9,20.00
2667764,0,20.00
2667796,1,-20.00
2667824,2,40.00
2667864,3,-20.00
2667896,4,-20.00
2667932,5,-20.00
2668000,6,-41.00
2668064,7,78.00
2668120,8,-37.00
2668152,9,20.00
2708192,0,20.00
2708224,1,-20.00
2708256,2,40.00
2708300,3,-20.00
2708332,4,-20.00
2708364,5,-20.00
2708432,6,-41.50
2708500,7,77.00
2708560,8,-35.50
2708588,9,20.00
2748628,0,20.00
2748664,1,-20.00
2748696,2,40.00
2748736,3,-20.00
2748768,4,-20.00
2748800,5,-20.00
2748868,6,-42.00
2748936,7,76.00
2748992,8,-34.00
2749024,9,20.00
2789068,0,20.00
2789096,1,-20.00
2789124,2,40.00
2789164,3,-20.00
2789192,4,-20.00
2789224,5,-20.00
2789288,6,-42.50
2789356,7,75.00
2789416,8,-32.50
2789448,9,20.00
2829492,0,20.00
2829524,1,-20.00
2829556,2,40.00
2829596,3,-20.00
2829624,4,-20.00
2829656,5,-20.00
2829724,6,-43.00
2829792,7,74.00
2829852,8,-31.00
2829884,9,20.00
2869928,0,20.00
2869956,1,-20.00
2869988,2,40.00
2870024,3,-20.00
2870056,4,-20.00
2870088,5,-20.00
2870156,6,-43.50
2870224,7,73.00
2870284,8,-29.50
2870312,9,20.00
2910356,0,20.00
2910388,1,-20.00
2910416,2,40.00
2910456,3,-20.00
2910488,4,-20.00
2910520,5,-20.00
2910588,6,-44.00
2910656,7,72.00
2910712,8,-28.00
2910744,9,20.00
2950784,0,20.00
2950812,1,-20.00
2950844,2,40.00
2950884,3,-20.00
2950916,4,-20.00
2950944,5,-20.00
2951012,6,-44.50
2951080,7,71.00
2951136,8,-26.50
2951168,9,20.00
2991204,0,20.00
2991236,1,-20.00
2991268,2,40.00
2991304,3,-20.00
2991336,4,-20.00
2991364,5,-20.00
2991428,6,-45.00
2991496,7,70.00
2991552,8,-25.00
2991592,9,20.00
3031632,0,20.00
3031664,1,-20.00
3031696,2,40.00
3031736,3,-20.00
3031768,4,-20.00
3031800,5,-20.00
3031868,6,-45.50
3031928,7,69.00
3031988,8,-23.50
3032020,9,20.00
3072060,0,20.00
3072088,1,-20.00
3072120,2,40.00
3072160,3,-20.00
3072188,4,-20.00
3072220,5,-20.00
3072288,6,-46.00
3072356,7,68.00
3072416,8,-22.00
3072444,9,20.00
3112488,0,20.00
3112516,1,-20.00
3112548,2,40.00
3112584,3,-20.00
3112616,4,-20.00
3112648,5,-20.00
3112716,6,-46.50
3112776,7,67.00
3112832,8,-20.50
3112864,9,20.00
3152904,0,20.00
3152936,1,-20.00
3152968,2,40.00
3153008,3,-20.00
3153036,4,-20.00
3153068,5,-20.00
3153136,6,-47.00
3153204,7,66.00
3153264,8,-19.00
3153296,9,20.00
3193340,0,20.00
3193372,1,-20.00
3193400,2,40.00
3193436,3,-20.00
3193468,4,-20.00
3193500,5,-20.00
3193568,6,-47.50
3193628,7,65.00
3193684,8,-17.50
3193716,9,20.00
3233756,0,20.00
3233788,1,-20.00
3233820,2,40.00
3233860,3,-20.00
3233892,4,-20.00
3233924,5,-20.00
3233992,6,-48.00
3234060,7,64.00
3234116,8,-16.00
3234144,9,20.00
3274184,0,20.00
3274216,1,-20.00
3274244,2,40.00
3274284,3,-20.00
3274316,4,-20.00
3274348,5,-20.00
3274416,6,-48.50
3274476,7,63.00
3274532,8,-14.50
3274564,9,20.00
3314604,0,20.00
3314636,1,-20.00
3314668,2,40.00
3314704,3,-20.00
3314736,4,-20.00
3314768,5,-20.00
3314836,6,-49.00
3314904,7,62.00
3314960,8,-13.00
3314992,9,20.00
3355032,0,20.00
3355064,1,-20.00
3355096,2,40.00
3355136,3,-20.00
3355168,4,-20.00
3355200,5,-20.00
3355268,6,-49.50
3355344,7,61.00
3355408,8,-11.50
3355436,9,20.00
3395480,0,20.00
3395512,1,-20.00
3395544,2,40.00
3395580,3,-20.00
3395608,4,-20.00
3395640,5,-20.00
3395708,6,-50.00
3395772,7,60.00
3395828,8,-10.00
3395860,9,20.00
3435900,0,20.00
3435932,1,-20.00
3435960,2,40.00
3435996,3,-20.00
3436028,4,-20.00
3436060,5,-20.00
3436128,6,-50.50
3436188,7,59.00
3436244,8,-8.50
3436276,9,20.00
3476324,0,20.00
3476356,1,-20.00
3476388,2,40.00
3476428,3,-20.00
3476460,4,-20.00
3476492,5,-20.00
3476556,6,-51.00
3476620,7,58.00
3476676,8,-7.00
3476708,9,20.00
3516752,0,20.00
3516784,1,-20.00
3516816,2,40.00
3516860,3,-20.00
3516888,4,-20.00
3516920,5,-20.00
3516988,6,-51.50
3517048,7,57.00
3517104,8,-5.50
3517136,9,20.00
3557176,0,20.00
3557208,1,-20.00
3557240,2,40.00
3557280,3,-20.00
3557312,4,-20.00
3557344,5,-20.00
3557412,6,-52.00
3557480,7,56.00
3557536,8,-4.00
3557568,9,20.00
3597608,0,20.00
3597640,1,-20.00
3597672,2,40.00
3597708,3,-20.00
3597740,4,-20.00
3597772,5,-20.00
3597840,6,-52.50
3597896,7,55.00
3597952,8,-2.50
3597984,9,20.00
3638024,0,20.00
3638052,1,-20.00
3638084,2,40.00
3638124,3,-20.00
3638156,4,-20.00
3638184,5,-20.00
3638260,6,-53.00
3638328,7,54.00
3638388,8,-1.00
3638420,9,20.00
3678460,0,20.00
3678492,1,-20.00
3678524,2,40.00
3678564,3,-20.00
3678596,4,-20.00
3678628,5,-20.00
3678692,6,-53.50
3678752,7,53.00
3678808,8,0.50
3678840,9,20.00
3718884,0,20.00
3718916,1,-20.00
3718948,2,40.00
3718988,3,-20.00
3719020,4,-20.00
3719052,5,-20.00
3719120,6,-54.00
3719188,7,52.00
3719248,8,2.00
3719280,9,20.00
3759324,0,20.00
3759356,1,-20.00
3759384,2,40.00
3759424,3,-20.00
3759456,4,-20.00
3759488,5,-20.00
3759556,6,-54.50
3759616,7,51.00
3759672,8,3.50
3759704,9,20.00
3799748,0,20.00
3799780,1,-20.00
3799812,2,40.00
3799848,3,-20.00
3799880,4,-20.00
3799916,5,-20.00
3799984,6,-55.00
3800044,7,50.00
3800100,8,5.00
3800132,9,20.00
3840176,0,20.00
3840208,1,-20.00
3840240,2,40.00
3840280,3,-20.00
3840308,4,-20.00
3840340,5,-20.00
3840408,6,-55.50
3840476,7,49.00
3840536,8,6.50
3840568,9,20.00
3880608,0,20.00
3880636,1,-20.00
3880668,2,40.00
3880704,3,-20.00
3880736,4,-20.00
3880768,5,-20.00
3880836,6,-56.00
3880904,7,48.00
3880964,8,8.00
3880996,9,20.00
3921036,0,20.00
3921068,1,-20.00
3921100,2,40.00
3921140,3,-20.00
3921172,4,-20.00
3921204,5,-20.00
3921272,6,-56.50
3921336,7,47.00
3921400,8,9.50
3921432,9,20.00
3961472,0,20.00
3961504,1,-20.00
3961536,2,40.00
3961576,3,-20.00
3961608,4,-20.00
3961640,5,-20.00
3961708,6,-57.00
3961768,7,46.00
3961828,8,11.00
3961860,9,20.00
4001900,0,20.00
4001932,1,-20.00
4001964,2,40.00
4002004,3,-20.00
4002036,4,-20.00
4002068,5,-20.00
4002136,6,-57.50
4002204,7,45.00
4002260,8,12.50
4002292,9,20.00
4042336,0,20.00
4042368,1,-20.00
4042400,2,40.00
4042440,3,-20.00
4042476,4,-20.00
4042508,5,-20.00
4042576,6,-58.00
4042644,7,44.00
4042704,8,14.00
4042736,9,20.00
4082776,0,20.00
4082808,1,-20.00
4082840,2,40.00
4082880,3,-20.00
4082912,4,-20.00
4082944,5,-20.00
4083016,6,-58.50
4083084,7,43.00
4083152,8,15.50
4083184,9,20.00
4123228,0,20.00
4123264,1,-20.00
4123300,2,40.00
4123340,3,-20.00
4123372,4,-20.00
4123404,5,-20.00
4123472,6,-59.00
4123544,7,42.00
4123604,8,17.00
4123636,9,20.00
4163676,0,20.00
4163708,1,-20.00
4163740,2,40.00
4163780,3,-20.00
4163812,4,-20.00
4163844,5,-20.00
4163912,6,-59.50
4163972,7,41.00
4164032,8,18.50
4164064,9,20.00
4204108,0,20.00
4204140,1,-20.00
4204172,2,40.00
4204212,3,-20.00
4204248,4,-20.00
4204280,5,-20.00
4204352,6,-60.00
4204424,7,40.00
4204484,8,20.00
4204516,9,20.00
4244592,0,19.50
4244656,1,-20.50
4244720,2,41.00
4244788,3,-20.50
4244856,4,-19.50
4244920,5,-19.50
4244988,6,-59.75
4245048,7,39.25
4245104,8,20.50
4245160,9,19.50
4285236,0,19.00
4285300,1,-21.00
4285364,2,42.00
4285428,3,-21.00
4285492,4,-19.00
4285560,5,-19.00
4285632,6,-59.50
4285700,7,38.50
4285760,8,21.00
4285816,9,19.00
4325880,0,18.50
4325948,1,-21.50
4326016,2,43.00
4326080,3,-21.50
4326148,4,-18.50
4326216,5,-18.50
4326284,6,-59.25
4326344,7,37.75
4326408,8,21.50
4326468,9,18.50
4366532,0,18.00
4366600,1,-22.00
4366668,2,44.00
4366736,3,-22.00
4366800,4,-18.00
4366864,5,-18.00
4366932,6,-59.00
4367000,7,37.00
4367056,8,22.00
4367116,9,18.00
4407184,0,17.50
4407252,1,-22.50
4407320,2,45.00
4407388,3,-22.50
4407460,4,-17.50
4407524,5,-17.50
4407592,6,-58.75
4407652,7,36.25
4407712,8,22.50
4407772,9,17.50
4447836,0,17.00
4447908,1,-23.00
4447972,2,46.00
4448040,3,-23.00
4448104,4,-17.00
4448172,5,-17.00
4448240,6,-58.50
4448312,7,35.50
4448372,8,23.00
4448432,9,17.00
4488496,0,16.50
4488560,1,-23.50
4488624,2,47.00
4488692,3,-23.50
4488756,4,-16.50
4488824,5,-16.50
4488892,6,-58.25
4488952,7,34.75
4489008,8,23.50
4489064,9,16.50
4529132,0,16.00
4529200,1,-24.00
4529268,2,48.00
4529332,3,-24.00
4529400,4,-16.00
4529464,5,-16.00
4529532,6,-58.00
4529600,7,34.00
4529664,8,24.00
4529720,9,16.00
4569784,0,15.50
4569852,1,-24.50
4569920,2,49.00
4569988,3,-24.50
4570056,4,-15.50
4570128,5,-15.50
4570196,6,-57.75
4570256,7,33.25
4570316,8,24.50
4570376,9,15.50
4610448,0,15.00
4610516,1,-25.00
4610584,2,50.00
4610648,3,-25.00
4610716,4,-15.00
4610780,5,-15.00
4610848,6,-57.50
4610916,7,32.50
4610976,8,25.00
4611032,9,15.00
4651104,0,14.50
4651172,1,-25.50
4651236,2,51.00
4651304,3,-25.50
4651368,4,-14.50
4651436,5,-14.50
4651504,6,-57.25
4651564,7,31.75
4651624,8,25.50
4651680,9,14.50
4691752,0,14.00
4691820,1,-26.00
4691884,2,52.00
4691960,3,-26.00
4692024,4,-14.00
4692088,5,-14.00
4692156,6,-57.00
4692224,7,31.00
4692280,8,26.00
4692336,9,14.00
4732404,0,13.50
4732472,1,-26.50
4732540,2,53.00
4732604,3,-26.50
4732672,4,-13.50
4732740,5,-13.50
4732800,6,-56.75
4732856,7,30.25
4732916,8,26.50
4732976,9,13.50
4773048,0,13.00
4773116,1,-27.00
4773184,2,54.00
4773248,3,-27.00
4773312,4,-13.00
4773376,5,-13.00
4773448,6,-56.50
4773516,7,29.50
4773576,8,27.00
4773632,9,13.00
4813704,0,12.50
4813776,1,-27.50
4813844,2,55.00
4813912,3,-27.50
4813976,4,-12.50
4814044,5,-12.50
4814112,6,-56.25
4814176,7,28.75
4814236,8,27.50
4814292,9,12.50
4854356,0,12.00
4854424,1,-28.00
4854492,2,56.00
4854556,3,-28.00
4854628,4,-12.00
4854692,5,-12.00
4854760,6,-56.00
4854828,7,28.00
4854888,8,28.00
4854948,9,12.00
4895016,0,11.50
4895084,1,-28.50
4895152,2,57.00
4895216,3,-28.50
4895280,4,-11.50
4895344,5,-11.50
4895404,6,-55.75
4895464,7,27.25
4895520,8,28.50
4895580,9,11.50
4935644,0,11.00
4935708,1,-29.00
4935772,2,58.00
4935840,3,-29.00
4935904,4,-11.00
4935968,5,-11.00
4936036,6,-55.50
4936100,7,26.50
4936160,8,29.00
4936216,9,11.00
4976288,0,10.50
4976356,1,-29.50
4976432,2,59.00
4976500,3,-29.50
4976568,4,-10.50
4976632,5,-10.50
4976700,6,-55.25
4976760,7,25.75
4976828,8,29.50
4976884,9,10.50
5016956,0,10.00
5017024,1,-30.00
5017092,2,60.00
5017160,3,-30.00
5017228,4,-10.00
5017292,5,-10.00
5017364,6,-55.00
5017432,7,25.00
5017492,8,30.00
5017552,9,10.00
5057616,0,9.50
5057684,1,-30.50
5057740,2,61.00
5057800,3,-30.50
5057860,4,-9.50
5057928,5,-9.50
5057996,6,-54.75
5058064,7,24.25
5058140,8,30.50
5058196,9,9.50
5098260,0,9.00
5098328,1,-31.00
5098396,2,62.00
5098464,3,-31.00
5098532,4,-9.00
5098596,5,-9.00
5098664,6,-54.50
5098724,7,23.50
5098784,8,31.00
5098844,9,9.00
5138912,0,8.50
5138980,1,-31.50
5139040,2,63.00
5139096,3,-31.50
5139152,4,-8.50
5139224,5,-8.50
5139284,6,-54.25
5139352,7,22.75
5139420,8,31.50
5139476,9,8.50
5179544,0,8.00
5179608,1,-32.00
5179676,2,64.00
5179744,3,-32.00
5179800,4,-8.00
5179864,5,-8.00
5179932,6,-54.00
5179992,7,22.00
5180052,8,32.00
5180108,9,8.00
5220180,0,7.50
5220248,1,-32.50
5220308,2,65.00
5220368,3,-32.50
5220428,4,-7.50
5220496,5,-7.50
5220564,6,-53.75
5220632,7,21.25
5220700,8,32.50
5220760,9,7.50
5260828,0,7.00
5260896,1,-33.00
5260960,2,66.00
5261032,3,-33.00
5261096,4,-7.00
5261160,5,-7.00
5261228,6,-53.50
5261284,7,20.50
5261344,8,33.00
5261404,9,7.00
5301472,0,6.50
5301540,1,-33.50
5301600,2,67.00
5301660,3,-33.50
5301716,4,-6.50
5301780,5,-6.50
5301844,6,-53.25
5301908,7,19.75
5301972,8,33.50
5302028,9,6.50
5342100,0,6.00
5342168,1,-34.00
5342236,2,68.00
5342304,3,-34.00
5342364,4,-6.00
5342428,5,-6.00
5342496,6,-53.00
5342556,7,19.00
5342616,8,34.00
5342672,9,6.00
5382740,0,5.50
5382812,1,-34.50
5382872,2,69.00
5382932,3,-34.50
5382988,4,-5.50
5383052,5,-5.50
5383120,6,-52.75
5383188,7,18.25
5383256,8,34.50
5383316,9,5.50
5423380,0,5.00
5423448,1,-35.00
5423520,2,70.00
5423588,3,-35.00
5423644,4,-5.00
5423708,5,-5.00
5423776,6,-52.50
5423836,7,17.50
5423896,8,35.00
5423952,9,5.00
5464016,0,4.50
5464084,1,-35.50
5464144,2,71.00
5464204,3,-35.50
5464260,4,-4.50
5464324,5,-4.50
5464392,6,-52.25
5464460,7,16.75
5464528,8,35.50
5464588,9,4.50
5504656,0,4.00
5504724,1,-36.00
5504792,2,72.00
5504860,3,-36.00
5504920,4,-4.00
5504988,5,-4.00
5505056,6,-52.00
5505124,7,16.00
5505192,8,36.00
5505252,9,4.00
5545332,0,3.50
5545400,1,-36.50
5545460,2,73.00
5545520,3,-36.50
5545580,4,-3.50
5545648,5,-3.50
5545720,6,-51.75
5545792,7,15.25
5545860,8,36.50
5545920,9,3.50
5585992,0,3.00
5586060,1,-37.00
5586128,2,74.00
5586196,3,-37.00
5586252,4,-3.00
5586316,5,-3.00
5586384,6,-51.50
5586448,7,14.50
5586508,8,37.00
5586564,9,3.00
5626628,0,2.50
5626696,1,-37.50
5626756,2,75.00
5626816,3,-37.50
5626880,4,-2.50
5626948,5,-2.50
5627020,6,-51.25
5627088,7,13.75
5627156,8,37.50
5627212,9,2.50
5667276,0,2.00
5667344,1,-38.00
5667412,2,76.00
5667484,3,-38.00
5667556,4,-2.00
5667620,5,-2.00
5667692,6,-51.00
5667752,7,13.00
5667812,8,38.00
5667868,9,2.00
5707944,0,1.50
5708016,1,-38.50
5708080,2,77.00
5708140,3,-38.50
5708204,4,-1.50
5708268,5,-1.50
5708340,6,-50.75
5708408,7,12.25
5708476,8,38.50
5708532,9,1.50
5748596,0,1.00
5748668,1,-39.00
5748736,2,78.00
5748808,3,-39.00
5748864,4,-1.00
5748928,5,-1.00
5749004,6,-50.50
5749064,7,11.50
5749136,8,39.00
5749200,9,1.00
5789268,0,0.50
5789340,1,-39.50
5789416,2,79.00
5789480,3,-39.50
5789540,4,-0.50
5789604,5,-0.50
5789668,6,-50.25
5789736,7,10.75
5789804,8,39.50
5789864,9,0.50
5829932,0,0.00
5830004,1,-40.00
5830076,2,80.00
5830152,3,-40.00
5830208,4,0.00
5830264,5,0.00
5830336,6,-50.00
5830404,7,10.00
5830476,8,40.00
5830532,9,0.00
5870580,0,0.00
5870648,1,-39.00
5870716,2,78.75
5870784,3,-39.75
5870816,4,0.00
5870856,5,0.00
5870924,6,-49.00
5870992,7,10.25
5871052,8,39.00
5871084,9,0.00
5911128,0,0.00
5911196,1,-38.00
5911264,2,77.50
5911332,3,-39.50
5911364,4,0.00
5911404,5,0.00
5911472,6,-48.00
5911536,7,10.50
5911604,8,38.00
5911636,9,0.00
5951676,0,0.00
5951740,1,-37.00
5951808,2,76.25
5951876,3,-39.25
5951912,4,0.00
5951948,5,0.00
5952012,6,-47.00
5952080,7,10.75
5952144,8,37.00
5952176,9,0.00
5992220,0,0.00
5992288,1,-36.00
5992356,2,75.00
5992424,3,-39.00
5992464,4,0.00
5992504,5,0.00
5992572,6,-46.00
5992640,7,11.00
5992704,8,36.00
5992736,9,0.00
6032780,0,0.00
6032844,1,-35.00
6032908,2,73.75
6032976,3,-38.75
6033020,4,0.00
6033060,5,0.00
6033128,6,-45.00
6033196,7,11.25
6033264,8,35.00
6033292,9,0.00
6073328,0,0.00
6073396,1,-34.00
6073460,2,72.50
6073528,3,-38.50
6073560,4,0.00
6073596,5,0.00
6073660,6,-44.00
6073724,7,11.50
6073788,8,34.00
6073820,9,0.00
6113864,0,0.00
6113928,1,-33.00
6113996,2,71.25
6114064,3,-38.25
6114096,4,0.00
6114136,5,0.00
6114200,6,-43.00
6114264,7,11.75
6114328,8,33.00
6114360,9,0.00
6154404,0,0.00
6154468,1,-32.00
6154536,2,70.00
6154604,3,-38.00
6154644,4,0.00
6154684,5,0.00
6154752,6,-42.00
6154820,7,12.00
6154888,8,32.00
6154916,9,0.00
6194956,0,0.00
6195020,1,-31.00
6195088,2,68.75
6195156,3,-37.75
6195188,4,0.00
6195228,5,0.00
6195296,6,-41.00
6195360,7,12.25
6195424,8,31.00
6195456,9,0.00
6235500,0,0.00
6235564,1,-30.00
6235628,2,67.50
6235696,3,-37.50
6235728,4,0.00
6235768,5,0.00
6235836,6,-40.00
6235904,7,12.50
6235968,8,30.00
6236000,9,0.00
6276040,0,0.00
6276104,1,-29.00
6276172,2,66.25
6276244,3,-37.25
6276276,4,0.00
6276316,5,0.00
6276384,6,-39.00
6276452,7,12.75
6276520,8,29.00
6276552,9,0.00
6316604,0,0.00
6316668,1,-28.00
6316736,2,65.00
6316804,3,-37.00
6316844,4,0.00
6316884,5,0.00
6316952,6,-38.00
6317020,7,13.00
6317084,8,28.00
6317116,9,0.00
6357156,0,0.00
6357220,1,-27.00
6357288,2,63.75
6357360,3,-36.75
6357392,4,0.00
6357440,5,0.00
6357508,6,-37.00
6357576,7,13.25
6357636,8,27.00
6357668,9,0.00
6397708,0,0.00
6397772,1,-26.00
6397836,2,62.50
6397904,3,-36.50
6397936,4,0.00
6397984,5,0.00
6398052,6,-36.00
6398120,7,13.50
6398180,8,26.00
6398212,9,0.00
6438260,0,0.00
6438328,1,-25.00
6438396,2,61.25
6438464,3,-36.25
6438496,4,0.00
6438536,5,0.00
6438604,6,-35.00
6438672,7,13.75
6438740,8,25.00
6438772,9,0.00
6478812,0,0.00
6478876,1,-24.00
6478944,2,60.00
6479012,3,-36.00
6479052,4,0.00
6479092,5,0.00
6479160,6,-34.00
6479228,7,14.00
6479292,8,24.00
6479324,9,0.00
6519368,0,0.00
6519432,1,-23.00
6519496,2,58.75
6519564,3,-35.75
6519596,4,0.00
6519636,5,0.00
6519704,6,-33.00
6519768,7,14.25
6519824,8,23.00
6519856,9,0.00
6559900,0,0.00
6559968,1,-22.00
6560036,2,57.50
6560108,3,-35.50
6560148,4,0.00
6560188,5,0.00
6560256,6,-32.00
6560324,7,14.50
6560388,8,22.00
6560420,9,0.00
6600460,0,0.00
6600528,1,-21.00
6600592,2,56.25
6600660,3,-35.25
6600700,4,0.00
6600740,5,0.00
6600808,6,-31.00
6600876,7,14.75
6600940,8,21.00
6600972,9,0.00
6641016,0,0.00
6641080,1,-20.00
6641148,2,55.00
6641216,3,-35.00
6641256,4,0.00
6641296,5,0.00
6641360,6,-30.00
6641428,7,15.00
6641492,8,20.00
6641524,9,0.00
6681564,0,0.00
6681628,1,-19.00
6681696,2,53.75
6681764,3,-34.75
6681800,4,0.00
6681840,5,0.00
6681904,6,-29.00
6681972,7,15.25
6682036,8,19.00
6682072,9,0.00
6722112,0,0.00
6722184,1,-18.00
6722252,2,52.50
6722324,3,-34.50
6722364,4,0.00
6722400,5,0.00
6722468,6,-28.00
6722536,7,15.50
6722604,8,18.00
6722636,9,0.00
6762680,0,0.00
6762752,1,-17.00
6762820,2,51.25
6762888,3,-34.25
6762928,4,0.00
6762964,5,0.00
6763036,6,-27.00
6763104,7,15.75
6763168,8,17.00
6763200,9,0.00
6803244,0,0.00
6803312,1,-16.00
6803380,2,50.00
6803448,3,-34.00
6803488,4,0.00
6803524,5,0.00
6803596,6,-26.00
6803664,7,16.00
6803728,8,16.00
6803760,9,0.00
6843800,0,0.00
6843868,1,-15.00
6843932,2,48.75
6844000,3,-33.75
6844040,4,0.00
6844080,5,0.00
6844148,6,-25.00
6844212,7,16.25
6844276,8,15.00
6844308,9,0.00
6884348,0,0.00
6884416,1,-14.00
6884484,2,47.50
6884552,3,-33.50
6884592,4,0.00
6884632,5,0.00
6884700,6,-24.00
6884764,7,16.50
6884832,8,14.00
6884868,9,0.00
6924908,0,0.00
6924972,1,-13.00
6925040,2,46.25
6925112,3,-33.25
6925152,4,0.00
6925192,5,0.00
6925260,6,-23.00
6925328,7,16.75
6925392,8,13.00
6925428,9,0.00
6965468,0,0.00
6965532,1,-12.00
6965596,2,45.00
6965668,3,-33.00
6965708,4,0.00
6965748,5,0.00
6965816,6,-22.00
6965884,7,17.00
6965952,8,12.00
6965984,9,0.00
7006024,0,0.00
7006088,1,-11.00
7006164,2,43.75
7006236,3,-32.75
7006268,4,0.00
7006308,5,0.00
7006376,6,-21.00
7006448,7,17.25
7006508,8,11.00
7006540,9,0.00
7046584,0,0.00
7046648,1,-10.00
7046724,2,42.50
7046796,3,-32.50
7046836,4,0.00
7046876,5,0.00
7046940,6,-20.00
7047012,7,17.50
7047076,8,10.00
7047108,9,0.00
7087152,0,0.00
7087216,1,-9.00
7087284,2,41.25
7087352,3,-32.25
7087384,4,0.00
7087416,5,0.00
7087484,6,-19.00
7087556,7,17.75
7087620,8,9.00
7087652,9,0.00
7127692,0,0.00
7127756,1,-8.00
7127816,2,40.00
7127880,3,-32.00
7127912,4,0.00
7127944,5,0.00
7128008,6,-18.00
7128068,7,18.00
7128128,8,8.00
7128160,9,0.00
7168200,0,0.00
7168264,1,-7.00
7168324,2,38.75
7168392,3,-31.75
7168424,4,0.00
7168460,5,0.00
7168520,6,-17.00
7168580,7,18.25
7168648,8,7.00
7168680,9,0.00
7208720,0,0.00
7208784,1,-6.00
7208848,2,37.50
7208916,3,-31.50
7208948,4,0.00
7208984,5,0.00
7209044,6,-16.00
7209112,7,18.50
7209176,8,6.00
7209212,9,0.00
7249256,0,0.00
7249320,1,-5.00
7249380,2,36.25
7249448,3,-31.25
7249480,4,0.00
7249512,5,0.00
7249580,6,-15.00
7249648,7,18.75
7249716,8,5.00
7249748,9,0.00
7289788,0,0.00
7289852,1,-4.00
7289916,2,35.00
7289976,3,-31.00
7290008,4,0.00
7290040,5,0.00
7290100,6,-14.00
7290160,7,19.00
7290220,8,4.00
7290252,9,0.00
7330296,0,0.00
7330364,1,-3.00
7330432,2,33.75
7330508,3,-30.75
7330540,4,0.00
7330572,5,0.00
7330636,6,-13.00
7330704,7,19.25
7330776,8,3.00
7330808,9,0.00
7370848,0,0.00
7370912,1,-2.00
7370988,2,32.50
7371060,3,-30.50
7371092,4,0.00
7371124,5,0.00
7371192,6,-12.00
7371268,7,19.50
7371336,8,2.00
7371368,9,0.00
7411408,0,0.00
7411472,1,-1.00
7411536,2,31.25
7411608,3,-30.25
7411640,4,0.00
7411672,5,0.00
7411740,6,-11.00
7411808,7,19.75
7411876,8,1.00
7411908,9,0.00
7451948,0,0.00
7452012,1,0.00
7452080,2,30.00
7452152,3,-30.00
7452184,4,0.00
7452216,5,0.00
7452284,6,-10.00
7452352,7,20.00
7452412,8,0.00
7452444,9,0.00
7492524,0,-0.50
7492588,1,-1.00
7492652,2,31.25
7492720,3,-30.25
7492784,4,0.50
7492852,5,0.50
7492916,6,-10.25
7492984,7,20.50
7493048,8,-0.50
7493104,9,-0.50
7533168,0,-1.00
7533232,1,-2.00
7533300,2,32.50
7533368,3,-30.50
7533432,4,1.00
7533492,5,1.00
7533556,6,-10.50
7533624,7,21.00
7533688,8,-1.00
7533744,9,-1.00
7573812,0,-1.50
7573868,1,-3.00
7573936,2,33.75
7574000,3,-30.75
7574068,4,1.50
7574124,5,1.50
7574192,6,-10.75
7574260,7,21.50
7574324,8,-1.50
7574380,9,-1.50
7614452,0,-2.00
7614516,1,-4.00
7614588,2,35.00
7614656,3,-31.00
7614720,4,2.00
7614784,5,2.00
7614848,6,-11.00
7614916,7,22.00
7614984,8,-2.00
7615040,9,-2.00
7655108,0,-2.50
7655164,1,-5.00
7655228,2,36.25
7655292,3,-31.25
7655356,4,2.50
7655412,5,2.50
7655480,6,-11.25
7655548,7,22.50
7655612,8,-2.50
7655668,9,-2.50
7695736,0,-3.00
7695804,1,-6.00
7695868,2,37.50
7695932,3,-31.50
7695996,4,3.00
7696060,5,3.00
7696128,6,-11.50
7696196,7,23.00
7696264,8,-3.00
7696320,9,-3.00
7736388,0,-3.50
7736452,1,-7.00
7736520,2,38.75
7736588,3,-31.75
7736652,4,3.50
7736712,5,3.50
7736776,6,-11.75
7736844,7,23.50
7736908,8,-3.50
7736964,9,-3.50
7777040,0,-4.00
7777104,1,-8.00
7777168,2,40.00
7777236,3,-32.00
7777304,4,4.00
7777376,5,4.00
7777432,6,-12.00
7777496,7,24.00
7777564,8,-4.00
7777624,9,-4.00
7817692,0,-4.50
7817756,1,-9.00
7817824,2,41.25
7817888,3,-32.25
7817952,4,4.50
7818008,5,4.50
7818072,6,-12.25
7818136,7,24.50
7818200,8,-4.50
7818256,9,-4.50
7858328,0,-5.00
7858400,1,-10.00
7858468,2,42.50
7858528,3,-32.50
7858588,4,5.00
7858652,5,5.00
7858712,6,-12.50
7858772,7,25.00
7858832,8,-5.00
7858896,9,-5.00
7898964,0,-5.50
7899020,1,-11.00
7899080,2,43.75
7899140,3,-32.75
7899208,4,5.50
7899276,5,5.50
7899336,6,-12.75
7899404,7,25.50
7899476,8,-5.50
7899532,9,-5.50
7939596,0,-6.00
7939660,1,-12.00
7939728,2,45.00
7939796,3,-33.00
7939860,4,6.00
7939924,5,6.00
7939992,6,-13.00
7940060,7,26.00
7940124,8,-6.00
7940184,9,-6.00
7980252,0,-6.50
7980316,1,-13.00
7980372,2,46.25
7980432,3,-33.25
7980496,4,6.50
7980568,5,6.50
7980632,6,-13.25
7980696,7,26.50
7980760,8,-6.50
7980820,9,-6.50
8020892,0,-7.00
8020960,1,-14.00
8021024,2,47.50
8021092,3,-33.50
8021148,4,7.00
8021212,5,7.00
8021280,6,-13.50
8021340,7,27.00
8021396,8,-7.00
8021452,9,-7.00
8061524,0,-7.50
8061580,1,-15.00
8061640,2,48.75
8061700,3,-33.75
8061768,4,7.50
8061832,5,7.50
8061892,6,-13.75
8061956,7,27.50
8062024,8,-7.50
8062080,9,-7.50
8102152,0,-8.00
8102220,1,-16.00
8102280,2,50.00
8102352,3,-34.00
8102412,4,8.00
8102476,5,8.00
8102540,6,-14.00
8102604,7,28.00
8102672,8,-8.00
8102732,9,-8.00
8142800,0,-8.50
8142864,1,-17.00
8142920,2,51.25
8142980,3,-34.25
8143048,4,8.50
8143116,5,8.50
8143176,6,-14.25
8143244,7,28.50
8143312,8,-8.50
8143368,9,-8.50
8183444,0,-9.00
8183512,1,-18.00
8183576,2,52.50
8183636,3,-34.50
8183700,4,9.00
8183768,5,9.00
8183828,6,-14.50
8183888,7,29.00
8183944,8,-9.00
8184000,9,-9.00
8224068,0,-9.50
8224140,1,-19.00
8224200,2,53.75
8224260,3,-34.75
8224316,4,9.50
8224380,5,9.50
8224436,6,-14.75
8224496,7,29.50
8224552,8,-9.50
8224616,9,-9.50
8264684,0,-10.00
8264748,1,-20.00
8264812,2,55.00
8264880,3,-35.00
8264944,4,10.00
8265008,5,10.00
8265076,6,-15.00
8265144,7,30.00
8265208,8,-10.00
8265264,9,-10.00
8305340,0,-10.50
8305408,1,-21.00
8305476,2,56.25
8305544,3,-35.25
8305608,4,10.50
8305672,5,10.50
8305740,6,-15.25
8305800,7,30.50
8305856,8,-10.50
8305912,9,-10.50
8345984,0,-11.00
8346048,1,-22.00
8346116,2,57.50
8346184,3,-35.50
8346252,4,11.00
8346316,5,11.00
8346384,6,-15.50
8346452,7,31.00
8346516,8,-11.00
8346576,9,-11.00
8386640,0,-11.50
8386704,1,-23.00
8386776,2,58.75
8386844,3,-35.75
8386908,4,11.50
8386972,5,11.50
8387040,6,-15.75
8387100,7,31.50
8387164,8,-11.50
8387224,9,-11.50
8427300,0,-12.00
8427364,1,-24.00
8427432,2,60.00
8427500,3,-36.00
8427564,4,12.00
8427628,5,12.00
8427696,6,-16.00
8427764,7,32.00
8427828,8,-12.00
8427888,9,-12.00
8467956,0,-12.50
8468020,1,-25.00
8468084,2,61.25
8468152,3,-36.25
8468216,4,12.50
8468280,5,12.50
8468348,6,-16.25
8468408,7,32.50
8468464,8,-12.50
8468520,9,-12.50
8508592,0,-13.00
8508660,1,-26.00
8508728,2,62.50
8508796,3,-36.50
8508864,4,13.00
8508932,5,13.00
8509000,6,-16.50
8509068,7,33.00
8509136,8,-13.00
8509196,9,-13.00
8549264,0,-13.50
8549332,1,-27.00
8549400,2,63.75
8549468,3,-36.75
8549536,4,13.50
8549600,5,13.50
8549668,6,-16.75
8549728,7,33.50
8549788,8,-13.50
8549856,9,-13.50
8589928,0,-14.00
8589996,1,-28.00
8590064,2,65.00
8590140,3,-37.00
8590204,4,14.00
8590272,5,14.00
8590340,6,-17.00
8590408,7,34.00
8590476,8,-14.00
8590536,9,-14.00
8630604,0,-14.50
8630680,1,-29.00
8630748,2,66.25
8630816,3,-37.25
8630880,4,14.50
8630948,5,14.50
8631008,6,-17.25
8631080,7,34.50
8631144,8,-14.50
8631200,9,-14.50
8671272,0,-15.00
8671340,1,-30.00
8671408,2,67.50
8671476,3,-37.50
8671544,4,15.00
8671612,5,15.00
8671680,6,-17.50
8671748,7,35.00
8671816,8,-15.00
8671876,9,-15.00
8711944,0,-15.50
8712008,1,-31.00
8712076,2,68.75
8712148,3,-37.75
8712216,4,15.50
8712284,5,15.50
8712352,6,-17.75
8712412,7,35.50
8712472,8,-15.50
8712528,9,-15.50
8752596,0,-16.00
8752664,1,-32.00
8752732,2,70.00
8752800,3,-38.00
8752868,4,16.00
8752936,5,16.00
8753004,6,-18.00
8753072,7,36.00
8753140,8,-16.00
8753200,9,-16.00
8793272,0,-16.50
8793336,1,-33.00
8793404,2,71.25
8793472,3,-38.25
8793540,4,16.50
8793596,5,16.50
8793656,6,-18.25
8793724,7,36.50
8793792,8,-16.50
8793848,9,-16.50
8833920,0,-17.00
8833988,1,-34.00
8834064,2,72.50
8834136,3,-38.50
8834204,4,17.00
8834272,5,17.00
8834340,6,-18.50
8834400,7,37.00
8834476,8,-17.00
8834536,9,-17.00
8874612,0,-17.50
8874680,1,-35.00
8874748,2,73.75
8874820,3,-38.75
8874888,4,17.50
8874948,5,17.50
8875016,6,-18.75
8875084,7,37.50
8875152,8,-17.50
8875212,9,-17.50
8915280,0,-18.00
8915348,1,-36.00
8915420,2,75.00
8915488,3,-39.00
8915556,4,18.00
8915624,5,18.00
8915692,6,-19.00
8915760,7,38.00
8915828,8,-18.00
8915888,9,-18.00
8955956,0,-18.50
8956020,1,-37.00
8956088,2,76.25
8956156,3,-39.25
8956216,4,18.50
8956276,5,18.50
8956344,6,-19.25
8956412,7,38.50
8956480,8,-18.50
8956540,9,-18.50
8996608,0,-19.00
8996676,1,-38.00
8996744,2,77.50
8996816,3,-39.50
8996884,4,19.00
8996952,5,19.00
8997020,6,-19.50
8997084,7,39.00
8997144,8,-19.00
8997204,9,-19.00
9037276,0,-19.50
9037344,1,-39.00
9037416,2,78.75
9037492,3,-39.75
9037560,4,19.50
9037620,5,19.50
9037680,6,-19.75
9037748,7,39.50
9037816,8,-19.50
9037880,9,-19.50
9077956,0,-20.00
9078028,1,-40.00
9078100,2,80.00
9078172,3,-40.00
9078240,4,20.00
9078312,5,20.00
9078380,6,-20.00
9078456,7,40.00
9078516,8,-20.00
9078576,9,-20.00
9118624,0,-20.00
9118688,1,-40.50
9118756,2,79.00
9118824,3,-38.50
9118860,4,20.00
9118892,5,20.00
9118924,6,-20.00
9118960,7,40.00
9118992,8,-20.00
9119024,9,-20.00
9159064,0,-20.00
9159128,1,-41.00
9159204,2,78.00
9159268,3,-37.00
9159308,4,20.00
9159340,5,20.00
9159376,6,-20.00
9159416,7,40.00
9159448,8,-20.00
9159476,9,-20.00
9199524,0,-20.00
9199588,1,-41.50
9199656,2,77.00
9199724,3,-35.50
9199764,4,20.00
9199792,5,20.00
9199824,6,-20.00
9199860,7,40.00
9199892,8,-20.00
9199924,9,-20.00
9239968,0,-20.00
9240036,1,-42.00
9240104,2,76.00
9240168,3,-34.00
9240208,4,20.00
9240236,5,20.00
9240276,6,-20.00
9240316,7,40.00
9240348,8,-20.00
9240380,9,-20.00
9280420,0,-20.00
9280492,1,-42.50
9280556,2,75.00
9280624,3,-32.50
9280664,4,20.00
9280696,5,20.00
9280732,6,-20.00
9280764,7,40.00
9280792,8,-20.00
9280824,9,-20.00
9320860,0,-20.00
9320924,1,-43.00
9320988,2,74.00
9321056,3,-31.00
9321096,4,20.00
9321128,5,20.00
9321168,6,-20.00
9321200,7,40.00
9321228,8,-20.00
9321260,9,-20.00
9361300,0,-20.00
9361364,1,-43.50
9361432,2,73.00
9361496,3,-29.50
9361532,4,20.00
9361564,5,20.00
9361596,6,-20.00
9361636,7,40.00
9361672,8,-20.00
9361700,9,-20.00
9401744,0,-20.00
9401808,1,-44.00
9401872,2,72.00
9401936,3,-28.00
9401972,4,20.00
9402004,5,20.00
9402040,6,-20.00
9402068,7,40.00
9402096,8,-20.00
9402128,9,-20.00
9442164,0,-20.00
9442228,1,-44.50
9442296,2,71.00
9442360,3,-26.50
9442396,4,20.00
9442428,5,20.00
9442460,6,-20.00
9442500,7,40.00
9442532,8,-20.00
9442560,9,-20.00
9482604,0,-20.00
9482672,1,-45.00
9482740,2,70.00
9482808,3,-25.00
9482848,4,20.00
9482880,5,20.00
9482920,6,-20.00
9482960,7,40.00
9482988,8,-20.00
9483020,9,-20.00
9523056,0,-20.00
9523124,1,-45.50
9523192,2,69.00
9523256,3,-23.50
9523296,4,20.00
9523328,5,20.00
9523360,6,-20.00
9523400,7,40.00
9523432,8,-20.00
9523460,9,-20.00
9563504,0,-20.00
9563568,1,-46.00
9563636,2,68.00
9563704,3,-22.00
9563744,4,20.00
9563776,5,20.00
9563804,6,-20.00
9563844,7,40.00
9563872,8,-20.00
9563900,9,-20.00
9603936,0,-20.00
9604004,1,-46.50
9604072,2,67.00
9604140,3,-20.50
9604176,4,20.00
9604208,5,20.00
9604248,6,-20.00
9604288,7,40.00
9604320,8,-20.00
9604348,9,-20.00
9644392,0,-20.00
9644460,1,-47.00
9644528,2,66.00
9644592,3,-19.00
9644628,4,20.00
9644660,5,20.00
9644700,6,-20.00
9644736,7,40.00
9644768,8,-20.00
9644800,9,-20.00
9684840,0,-20.00
9684908,1,-47.50
9684976,2,65.00
9685040,3,-17.50
9685080,4,20.00
9685108,5,20.00
9685140,6,-20.00
9685184,7,40.00
9685212,8,-20.00
9685244,9,-20.00
9725284,0,-20.00
9725352,1,-48.00
9725420,2,64.00
9725488,3,-16.00
9725528,4,20.00
9725564,5,20.00
9725604,6,-20.00
9725644,7,40.00
9725676,8,-20.00
9725708,9,-20.00
9765752,0,-20.00
9765816,1,-48.50
9765884,2,63.00
9765956,3,-14.50
9765996,4,20.00
9766028,5,20.00
9766060,6,-20.00
9766100,7,40.00
9766132,8,-20.00
9766164,9,-20.00
9806204,0,-20.00
9806268,1,-49.00
9806336,2,62.00
9806400,3,-13.00
9806436,4,20.00
9806468,5,20.00
9806512,6,-20.00
9806544,7,40.00
9806572,8,-20.00
9806604,9,-20.00
9846644,0,-20.00
9846708,1,-49.50
9846776,2,61.00
9846840,3,-11.50
9846884,4,20.00
9846916,5,20.00
9846956,6,-20.00
9846996,7,40.00
9847028,8,-20.00
9847060,9,-20.00
9887100,0,-20.00
9887168,1,-50.00
9887236,2,60.00
9887300,3,-10.00
9887340,4,20.00
9887372,5,20.00
9887412,6,-20.00
9887460,7,40.00
9887488,8,-20.00
9887520,9,-20.00
9927560,0,-20.00
9927628,1,-50.50
9927692,2,59.00
9927756,3,-8.50
9927788,4,20.00
9927832,5,20.00
9927864,6,-20.00
9927896,7,40.00
9927924,8,-20.00
9927956,9,-20.00
9967996,0,-20.00
9968064,1,-51.00
9968128,2,58.00
9968192,3,-7.00
9968224,4,20.00
9968264,5,20.00
9968296,6,-20.00
9968328,7,40.00
9968356,8,-20.00
9968388,9,-20.00
10008432,0,-20.00
10008500,1,-51.50
10008568,2,57.00
10008632,3,-5.50
10008672,4,20.00
10008704,5,20.00
10008736,6,-20.00
10008776,7,40.00
10008808,8,-20.00
10008836,9,-20.00
10048876,0,-20.00
10048940,1,-52.00
10049004,2,56.00
10049072,3,-4.00
10049112,4,20.00
10049144,5,20.00
10049172,6,-20.00
10049204,7,40.00
10049236,8,-20.00
10049268,9,-20.00
10089308,0,-20.00
10089376,1,-52.50
10089440,2,55.00
10089504,3,-2.50
10089544,4,20.00
10089576,5,20.00
10089608,6,-20.00
10089648,7,40.00
10089680,8,-20.00
10089708,9,-20.00
10129748,0,-20.00
10129820,1,-53.00
10129888,2,54.00
10129956,3,-1.00
10129996,4,20.00
10130028,5,20.00
10130060,6,-20.00
10130096,7,40.00
10130128,8,-20.00
10130160,9,-20.00
10170204,0,-20.00
10170272,1,-53.50
10170340,2,53.00
10170404,3,0.50
10170444,4,20.00
10170476,5,20.00
10170508,6,-20.00
10170548,7,40.00
10170580,8,-20.00
10170612,9,-20.00
10210652,0,-20.00
10210720,1,-54.00
10210788,2,52.00
10210856,3,2.00
10210896,4,20.00
10210928,5,20.00
10210960,6,-20.00
10210992,7,40.00
10211024,8,-20.00
10211052,9,-20.00
10251096,0,-20.00
10251168,1,-54.50
10251236,2,51.00
10251300,3,3.50
10251336,4,20.00
10251368,5,20.00
10251396,6,-20.00
10251428,7,40.00
10251456,8,-20.00
10251488,9,-20.00
10291532,0,-20.00
10291600,1,-55.00
10291668,2,50.00
10291732,3,5.00
10291772,4,20.00
10291812,5,20.00
10291844,6,-20.00
10291876,7,40.00
10291908,8,-20.00
10291940,9,-20.00
10331980,0,-20.00
10332048,1,-55.50
10332116,2,49.00
10332180,3,6.50
10332220,4,20.00
10332252,5,20.00
10332284,6,-20.00
10332316,7,40.00
10332348,8,-20.00
10332380,9,-20.00
10372420,0,-20.00
10372488,1,-56.00
10372544,2,48.00
10372612,3,8.00
10372652,4,20.00
10372684,5,20.00
10372716,6,-20.00
10372748,7,40.00
10372780,8,-20.00
10372812,9,-20.00
10412852,0,-20.00
10412920,1,-56.50
10412988,2,47.00
10413060,3,9.50
10413096,4,20.00
10413128,5,20.00
10413160,6,-20.00
10413200,7,40.00
10413232,8,-20.00
10413264,9,-20.00
10453308,0,-20.00
10453376,1,-57.00
10453444,2,46.00
10453508,3,11.00
10453540,4,20.00
10453580,5,20.00
10453616,6,-20.00
10453648,7,40.00
10453680,8,-20.00
10453712,9,-20.00
10493752,0,-20.00
10493820,1,-57.50
10493888,2,45.00
10493956,3,12.50
10493988,4,20.00
10494028,5,20.00
10494068,6,-20.00
10494100,7,40.00
10494132,8,-20.00
10494164,9,-20.00
10534208,0,-20.00
10534276,1,-58.00
10534344,2,44.00
10534412,3,14.00
10534444,4,20.00
10534484,5,20.00
10534524,6,-20.00
10534556,7,40.00
10534588,8,-20.00
10534620,9,-20.00
10574664,0,-20.00
10574732,1,-58.50
10574800,2,43.00
10574868,3,15.50
10574900,4,20.00
10574940,5,20.00
10574980,6,-20.00
10575012,7,40.00
10575044,8,-20.00
10575076,9,-20.00
10615116,0,-20.00
10615184,1,-59.00
10615260,2,42.00
10615324,3,17.00
10615356,4,20.00
10615396,5,20.00
10615436,6,-20.00
10615468,7,40.00
10615500,8,-20.00
10615532,9,-20.00
10655572,0,-20.00
10655644,1,-59.50
10655712,2,41.00
10655780,3,18.50
10655812,4,20.00
10655860,5,20.00
10655900,6,-20.00
10655932,7,40.00
10655964,8,-20.00
10655996,9,-20.00
10696036,0,-20.00
10696108,1,-60.00
10696176,2,40.00
10696244,3,20.00
10696276,4,20.00
10696316,5,20.00
10696356,6,-20.00
10696388,7,40.00
10696420,8,-20.00
10696452,9,-20.00
10736524,0,-19.50
10736592,1,-59.75
10736660,2,39.25
10736720,3,20.50
10736792,4,19.50
10736860,5,19.50
10736924,6,-20.50
10736988,7,41.00
10737044,8,-20.50
10737100,9,-19.50
10777168,0,-19.00
10777236,1,-59.50
10777304,2,38.50
10777372,3,21.00
10777436,4,19.00
10777496,5,19.00
10777560,6,-21.00
10777632,7,42.00
10777688,8,-21.00
10777748,9,-19.00
10817816,0,-18.50
10817884,1,-59.25
10817952,2,37.75
10818012,3,21.50
10818076,4,18.50
10818144,5,18.50
10818208,6,-21.50
10818272,7,43.00
10818332,8,-21.50
10818388,9,-18.50
10858452,0,-18.00
10858516,1,-59.00
10858576,2,37.00
10858640,3,22.00
10858704,4,18.00
10858768,5,18.00
10858832,6,-22.00
10858888,7,44.00
10858948,8,-22.00
10859008,9,-18.00
10899076,0,-17.50
10899148,1,-58.75
10899216,2,36.25
10899272,3,22.50
10899340,4,17.50
10899408,5,17.50
10899472,6,-22.50
10899536,7,45.00
10899596,8,-22.50
10899656,9,-17.50
10939720,0,-17.00
10939788,1,-58.50
10939856,2,35.50
10939912,3,23.00
10939980,4,17.00
10940040,5,17.00
10940108,6,-23.00
10940176,7,46.00
10940236,8,-23.00
10940292,9,-17.00
10980364,0,-16.50
10980432,1,-58.25
10980500,2,34.75
10980560,3,23.50
10980624,4,16.50
10980692,5,16.50
10980756,6,-23.50
10980824,7,47.00
10980880,8,-23.50
10980940,9,-16.50
11021012,0,-16.00
11021080,1,-58.00
11021148,2,34.00
11021220,3,24.00
11021284,4,16.00
11021352,5,16.00
11021416,6,-24.00
11021472,7,48.00
11021532,8,-24.00
11021588,9,-16.00
11061652,0,-15.50
11061720,1,-57.75
11061788,2,33.25
11061848,3,24.50
11061912,4,15.50
11061980,5,15.50
11062044,6,-24.50
11062116,7,49.00
11062180,8,-24.50
11062240,9,-15.50
11102312,0,-15.00
11102380,1,-57.50
11102456,2,32.50
11102524,3,25.00
11102592,4,15.00
11102648,5,15.00
11102716,6,-25.00
11102780,7,50.00
11102840,8,-25.00
11102904,9,-15.00
11142972,0,-14.50
11143040,1,-57.25
11143108,2,31.75
11143168,3,25.50
11143236,4,14.50
11143300,5,14.50
11143368,6,-25.50
11143436,7,51.00
11143496,8,-25.50
11143556,9,-14.50
11183620,0,-14.00
11183688,1,-57.00
11183744,2,31.00
11183812,3,26.00
11183880,4,14.00
11183944,5,14.00
11184012,6,-26.00
11184072,7,52.00
11184132,8,-26.00
11184188,9,-14.00
11224256,0,-13.50
11224328,1,-56.75
11224396,2,30.25
11224456,3,26.50
11224528,4,13.50
11224592,5,13.50
11224660,6,-26.50
11224724,7,53.00
11224784,8,-26.50
11224840,9,-13.50
11264908,0,-13.00
11264976,1,-56.50
11265044,2,29.50
11265108,3,27.00
11265172,4,13.00
11265236,5,13.00
11265304,6,-27.00
11265368,7,54.00
11265428,8,-27.00
11265484,9,-13.00
11305548,0,-12.50
11305616,1,-56.25
11305680,2,28.75
11305744,3,27.50
11305812,4,12.50
11305868,5,12.50
11305936,6,-27.50
11306004,7,55.00
11306064,8,-27.50
11306120,9,-12.50
11346188,0,-12.00
11346260,1,-56.00
11346320,2,28.00
11346388,3,28.00
11346456,4,12.00
11346524,5,12.00
11346596,6,-28.00
11346656,7,56.00
11346712,8,-28.00
11346772,9,-12.00
11386844,0,-11.50
11386920,1,-55.75
11386984,2,27.25
11387044,3,28.50
11387108,4,11.50
11387176,5,11.50
11387244,6,-28.50
11387312,7,57.00
11387372,8,-28.50
11387428,9,-11.50
11427496,0,-11.00
11427568,1,-55.50
11427632,2,26.50
11427688,3,29.00
11427756,4,11.00
11427816,5,11.00
11427884,6,-29.00
11427952,7,58.00
11428012,8,-29.00
11428068,9,-11.00
11468144,0,-10.50
11468212,1,-55.25
11468276,2,25.75
11468336,3,29.50
11468400,4,10.50
11468464,5,10.50
11468524,6,-29.50
11468592,7,59.00
11468652,8,-29.50
11468708,9,-10.50
11508776,0,-10.00
11508844,1,-55.00
11508912,2,25.00
11508984,3,30.00
11509052,4,10.00
11509116,5,10.00
11509184,6,-30.00
11509244,7,60.00
11509304,8,-30.00
11509360,9,-10.00
11549424,0,-9.50
11549484,1,-54.75
11549552,2,24.25
11549620,3,30.50
11549680,4,9.50
11549736,5,9.50
11549796,6,-30.50
11549864,7,61.00
11549924,8,-30.50
11549984,9,-9.50
11590052,0,-9.00
11590120,1,-54.50
11590188,2,23.50
11590256,3,31.00
11590320,4,9.00
11590384,5,9.00
11590460,6,-31.00
11590524,7,62.00
11590584,8,-31.00
11590640,9,-9.00
11630716,0,-8.50
11630776,1,-54.25
11630844,2,22.75
11630908,3,31.50
11630964,4,8.50
11631024,5,8.50
11631092,6,-31.50
11631168,7,63.00
11631228,8,-31.50
11631284,9,-8.50
11671356,0,-8.00
11671424,1,-54.00
11671492,2,22.00
11671556,3,32.00
11671620,4,8.00
11671688,5,8.00
11671752,6,-32.00
11671820,7,64.00
11671880,8,-32.00
11671936,9,-8.00
11712008,0,-7.50
11712072,1,-53.75
11712140,2,21.25
11712208,3,32.50
11712268,4,7.50
11712328,5,7.50
11712388,6,-32.50
11712456,7,65.00
11712516,8,-32.50
11712572,9,-7.50
11752640,0,-7.00
11752700,1,-53.50
11752768,2,20.50
11752836,3,33.00
11752896,4,7.00
11752952,5,7.00
11753012,6,-33.00
11753080,7,66.00
11753140,8,-33.00
11753200,9,-7.00
11793268,0,-6.50
11793332,1,-53.25
11793400,2,19.75
11793468,3,33.50
11793528,4,6.50
11793584,5,6.50
11793648,6,-33.50
11793708,7,67.00
11793768,8,-33.50
11793824,9,-6.50
11833896,0,-6.00
11833956,1,-53.00
11834024,2,19.00
11834100,3,34.00
11834168,4,6.00
11834232,5,6.00
11834300,6,-34.00
11834368,7,68.00
11834428,8,-34.00
11834484,9,-6.00
11874556,0,-5.50
11874620,1,-52.75
11874688,2,18.25
11874756,3,34.50
11874820,4,5.50
11874876,5,5.50
11874944,6,-34.50
11875004,7,69.00
11875064,8,-34.50
11875120,9,-5.50
11915188,0,-5.00
11915252,1,-52.50
11915316,2,17.50
11915384,3,35.00
11915440,4,5.00
11915504,5,5.00
11915572,6,-35.00
11915640,7,70.00
11915700,8,-35.00
11915756,9,-5.00
11955824,0,-4.50
11955884,1,-52.25
11955952,2,16.75
11956020,3,35.50
11956076,4,4.50
11956140,5,4.50
11956200,6,-35.50
11956268,7,71.00
11956328,8,-35.50
11956384,9,-4.50
11996452,0,-4.00
11996524,1,-52.00
11996592,2,16.00
11996660,3,36.00
11996724,4,4.00
11996792,5,4.00
11996860,6,-36.00
11996928,7,72.00
11996988,8,-36.00
11997044,9,-4.00
12037116,0,-3.50
12037180,1,-51.75
12037248,2,15.25
12037312,3,36.50
12037368,4,3.50
12037428,5,3.50
12037504,6,-36.50
12037572,7,73.00
12037632,8,-36.50
12037692,9,-3.50
12077768,0,-3.00
12077836,1,-51.50
12077900,2,14.50
12077968,3,37.00
12078028,4,3.00
12078088,5,3.00
12078156,6,-37.00
12078232,7,74.00
12078296,8,-37.00
12078356,9,-3.00
12118424,0,-2.50
12118484,1,-51.25
12118548,2,13.75
12118616,3,37.50
12118672,4,2.50
12118732,5,2.50
12118800,6,-37.50
12118860,7,75.00
12118928,8,-37.50
12118984,9,-2.50
12159052,0,-2.00
12159124,1,-51.00
12159188,2,13.00
12159256,3,38.00
12159320,4,2.00
12159384,5,2.00
12159456,6,-38.00
12159524,7,76.00
12159588,8,-38.00
12159648,9,-2.00
12199716,0,-1.50
12199788,1,-50.75
12199856,2,12.25
12199924,3,38.50
12199980,4,1.50
12200040,5,1.50
12200112,6,-38.50
12200176,7,77.00
12200236,8,-38.50
12200292,9,-1.50
12240364,0,-1.00
12240428,1,-50.50
12240500,2,11.50
12240568,3,39.00
12240628,4,1.00
12240692,5,1.00
12240764,6,-39.00
12240836,7,78.00
12240896,8,-39.00
12240952,9,-1.00
12281024,0,-0.50
12281088,1,-50.25
12281156,2,10.75
12281232,3,39.50
12281292,4,0.50
12281348,5,0.50
12281420,6,-39.50
12281484,7,79.00
12281544,8,-39.50
12281600,9,-0.50
12321668,0,0.00
12321740,1,-50.00
12321812,2,10.00
12321876,3,40.00
12321940,4,0.00
12322004,5,0.00
12322072,6,-40.00
12322144,7,80.00
12322208,8,-40.00
12322264,9,0.00
12362316,0,0.00
12362380,1,-49.00
12362444,2,10.25
12362504,3,39.00
12362544,4,0.00
12362576,5,0.00
12362644,6,-39.00
12362712,7,78.75
12362772,8,-39.75
12362800,9,0.00
12402840,0,0.00
12402908,1,-48.00
12402972,2,10.50
12403032,3,38.00
12403072,4,0.00
12403104,5,0.00
12403168,6,-38.00
12403236,7,77.50
12403296,8,-39.50
12403328,9,0.00
12443372,0,0.00
12443440,1,-47.00
12443504,2,10.75
12443560,3,37.00
12443600,4,0.00
12443632,5,0.00
12443696,6,-37.00
12443764,7,76.25
12443824,8,-39.25
12443856,9,0.00
12483904,0,0.00
12483968,1,-46.00
12484032,2,11.00
12484096,3,36.00
12484128,4,0.00
12484168,5,0.00
12484236,6,-36.00
12484296,7,75.00
12484360,8,-39.00
12484392,9,0.00
12524432,0,0.00
12524500,1,-45.00
12524564,2,11.25
12524620,3,35.00
12524660,4,0.00
12524692,5,0.00
12524756,6,-35.00
12524816,7,73.75
12524876,8,-38.75
12524908,9,0.00
12564952,0,0.00
12565020,1,-44.00
12565088,2,11.50
12565144,3,34.00
12565184,4,0.00
12565216,5,0.00
12565280,6,-34.00
12565340,7,72.50
12565400,8,-38.50
12565432,9,0.00
12605476,0,0.00
12605540,1,-43.00
12605604,2,11.75
12605660,3,33.00
12605700,4,0.00
12605728,5,0.00
12605792,6,-33.00
12605852,7,71.25
12605912,8,-38.25
12605944,9,0.00
12645988,0,0.00
12646056,1,-42.00
12646120,2,12.00
12646188,3,32.00
12646220,4,0.00
12646252,5,0.00
12646316,6,-32.00
12646376,7,70.00
12646436,8,-38.00
12646468,9,0.00
12686512,0,0.00
12686580,1,-41.00
12686644,2,12.25
12686704,3,31.00
12686744,4,0.00
12686776,5,0.00
12686844,6,-31.00
12686912,7,68.75
12686972,8,-37.75
12687012,9,0.00
12727052,0,0.00
12727116,1,-40.00
12727184,2,12.50
12727248,3,30.00
12727288,4,0.00
12727324,5,0.00
12727388,6,-30.00
12727456,7,67.50
12727516,8,-37.50
12727548,9,0.00
12767588,0,0.00
12767652,1,-39.00
12767724,2,12.75
12767780,3,29.00
12767820,4,0.00
12767852,5,0.00
12767920,6,-29.00
12767988,7,66.25
12768048,8,-37.25
12768080,9,0.00
12808120,0,0.00
12808192,1,-38.00
12808260,2,13.00
12808324,3,28.00
12808356,4,0.00
12808396,5,0.00
12808460,6,-28.00
12808520,7,65.00
12808584,8,-37.00
12808616,9,0.00
12848656,0,0.00
12848720,1,-37.00
12848784,2,13.25
12848840,3,27.00
12848880,4,0.00
12848912,5,0.00
12848976,6,-27.00
12849044,7,63.75
12849112,8,-36.75
12849144,9,0.00
12889188,0,0.00
12889256,1,-36.00
12889324,2,13.50
12889380,3,26.00
12889420,4,0.00
12889452,5,0.00
12889524,6,-26.00
12889584,7,62.50
12889644,8,-36.50
12889676,9,0.00
12929720,0,0.00
12929784,1,-35.00
12929848,2,13.75
12929904,3,25.00
12929944,4,0.00
12929976,5,0.00
12930040,6,-25.00
12930100,7,61.25
12930164,8,-36.25
12930196,9,0.00
12970240,0,0.00
12970308,1,-34.00
12970372,2,14.00
12970440,3,24.00
12970472,4,0.00
12970516,5,0.00
12970584,6,-24.00
12970644,7,60.00
12970704,8,-36.00
12970736,9,0.00
13010776,0,0.00
13010844,1,-33.00
13010912,2,14.25
13010968,3,23.00
13011008,4,0.00
13011040,5,0.00
13011104,6,-23.00
13011172,7,58.75
13011232,8,-35.75
13011264,9,0.00
13051304,0,0.00
13051372,1,-32.00
13051436,2,14.50
13051492,3,22.00
13051536,4,0.00
13051568,5,0.00
13051632,6,-22.00
13051700,7,57.50
13051760,8,-35.50
13051792,9,0.00
13091836,0,0.00
13091904,1,-31.00
13091972,2,14.75
13092028,3,21.00
13092068,4,0.00
13092100,5,0.00
13092168,6,-21.00
13092236,7,56.25
13092296,8,-35.25
13092328,9,0.00
13132368,0,0.00
13132436,1,-30.00
13132504,2,15.00
13132568,3,20.00
13132600,4,0.00
13132640,5,0.00
13132708,6,-20.00
13132768,7,55.00
13132832,8,-35.00
13132864,9,0.00
13172904,0,0.00
13172972,1,-29.00
13173040,2,15.25
13173100,3,19.00
13173140,4,0.00
13173172,5,0.00
13173236,6,-19.00
13173296,7,53.75
13173360,8,-34.75
13173392,9,0.00
13213436,0,0.00
13213500,1,-28.00
13213568,2,15.50
13213624,3,18.00
13213656,4,0.00
13213688,5,0.00
13213752,6,-18.00
13213812,7,52.50
13213872,8,-34.50
13213904,9,0.00
13253952,0,0.00
13254016,1,-27.00
13254084,2,15.75
13254140,3,17.00
13254180,4,0.00
13254212,5,0.00
13254276,6,-17.00
13254336,7,51.25
13254396,8,-34.25
13254428,9,0.00
13294468,0,0.00
13294536,1,-26.00
13294604,2,16.00
13294668,3,16.00
13294700,4,0.00
13294732,5,0.00
13294796,6,-16.00
13294856,7,50.00
13294916,8,-34.00
13294948,9,0.00
13334992,0,0.00
13335056,1,-25.00
13335120,2,16.25
13335176,3,15.00
13335208,4,0.00
13335240,5,0.00
13335308,6,-15.00
13335368,7,48.75
13335428,8,-33.75
13335460,9,0.00
13375500,0,0.00
13375564,1,-24.00
13375632,2,16.50
13375688,3,14.00
13375728,4,0.00
13375760,5,0.00
13375824,6,-14.00
13375884,7,47.50
13375948,8,-33.50
13375980,9,0.00
13416024,0,0.00
13416092,1,-23.00
13416160,2,16.75
13416216,3,13.00
13416256,4,0.00
13416296,5,0.00
13416360,6,-13.00
13416420,7,46.25
13416484,8,-33.25
13416516,9,0.00
13456556,0,0.00
13456620,1,-22.00
13456688,2,17.00
13456744,3,12.00
13456776,4,0.00
13456816,5,0.00
13456884,6,-12.00
13456940,7,45.00
13457000,8,-33.00
13457032,9,0.00
13497072,0,0.00
13497140,1,-21.00
13497208,2,17.25
13497272,3,11.00
13497312,4,0.00
13497344,5,0.00
13497408,6,-11.00
13497476,7,43.75
13497536,8,-32.75
13497572,9,0.00
13537612,0,0.00
13537676,1,-20.00
13537748,2,17.50
13537804,3,10.00
13537836,4,0.00
13537868,5,0.00
13537936,6,-10.00
13537996,7,42.50
13538056,8,-32.50
13538092,9,0.00
13578132,0,0.00
13578204,1,-19.00
13578272,2,17.75
13578328,3,9.00
13578360,4,0.00
13578392,5,0.00
13578452,6,-9.00
13578528,7,41.25
13578588,8,-32.25
13578624,9,0.00
13618664,0,0.00
13618732,1,-18.00
13618800,2,18.00
13618864,3,8.00
13618904,4,0.00
13618936,5,0.00
13619000,6,-8.00
13619068,7,40.00
13619132,8,-32.00
13619164,9,0.00
13659208,0,0.00
13659276,1,-17.00
13659344,2,18.25
13659400,3,7.00
13659432,4,0.00
13659464,5,0.00
13659520,6,-7.00
13659580,7,38.75
13659644,8,-31.75
13659676,9,0.00
13699720,0,0.00
13699788,1,-16.00
13699856,2,18.50
13699920,3,6.00
13699952,4,0.00
13699988,5,0.00
13700048,6,-6.00
13700108,7,37.50
13700168,8,-31.50
13700200,9,0.00
13740240,0,0.00
13740308,1,-15.00
13740380,2,18.75
13740436,3,5.00
13740472,4,0.00
13740512,5,0.00
13740568,6,-5.00
13740628,7,36.25
13740688,8,-31.25
13740720,9,0.00
13780760,0,0.00
13780824,1,-14.00
13780896,2,19.00
13780964,3,4.00
13781004,4,0.00
13781040,5,0.00
13781104,6,-4.00
13781176,7,35.00
13781236,8,-31.00
13781268,9,0.00
13821308,0,0.00
13821376,1,-13.00
13821444,2,19.25
13821504,3,3.00
13821536,4,0.00
13821576,5,0.00
13821632,6,-3.00
13821696,7,33.75
13821756,8,-30.75
13821788,9,0.00
13861828,0,0.00
13861896,1,-12.00
13861972,2,19.50
13862028,3,2.00
13862060,4,0.00
13862100,5,0.00
13862156,6,-2.00
13862216,7,32.50
13862280,8,-30.50
13862316,9,0.00
13902368,0,0.00
13902436,1,-11.00
13902508,2,19.75
13902568,3,1.00
13902604,4,0.00
13902644,5,0.00
13902708,6,-1.00
13902772,7,31.25
13902836,8,-30.25
13902868,9,0.00
13942912,0,0.00
13942980,1,-10.00
13943048,2,20.00
13943104,3,0.00
13943148,4,0.00
13943180,5,0.00
13943244,6,0.00
13943312,7,30.00
13943380,8,-30.00
13943420,9,0.00
